12008132009
12008139821
12008138098
12008139562
12008130869

12008142377
-----------
12008149728
12008149057
12008143214
12008140296
12008144566
12008140015
12008142295
12008143793

12008142945
12008147296
12008140778
12008148950
12008143419
12008140048
12008145532
12008143108
12008142901
12008148933

12008149172
12008140681
12008142810
12008148093
12008148344
12008141663
12008144591
12008143525
12008147377
12008143022

12008143262
12008148082
12008143784
12008144609
12008148370
12008144775
12008149328
12008146639
12008148806
12008149865

12008147601
12008146143
12008149675
12008144266
12008148931
12008146633
12008140308
12008145766
12008142972
12008140447

12008145423
12008148973
12008142620
12008143887
12008147584
12008147281
12008140092
12008140782
12008148612
12008142191

12008144806
12008140269
12008148443
12008142264
12008145130
12008149961
12008143112
12008149815
12008147671
12008149495

12008143998
12008146196
12008149091
12008145015
12008143781
12008144102
12008141166
12008143615
12008142739
12008144672
12008144743

12008143447
12008141189
12008147631
12008141846
12008148164
12008144137
12008147177
12008148396
-----------
12008151849
12008152149
12008157581
12008150296
12008152707
12008157234
12008150009
12008156208
12008150053
12008156046
12008152449
12008158963
12008154297
12008155457
12008152954
12008157074
12008153366
12008153811
12008159544
12008150917

12008150808
12008151784
12008159695
12008158403
12008152097
12008153515
12008158064  <-- sleep current 2-3mA，electric shock iC = 0.001
12008157828
12008152380
12008152600
12008150099
12008159293
12008150726
12008151718
12008150139
12008155386
12008153883
12008155446
12008154307
12008150680

12008152208
12008152312
12008157862
12008156956
12008152371
12008151146
12008152828
12008156968
12008150387
12008158893
12008159057
12008158760
12008152572
12008154654
12008151028
12008152072
12008155488
12008150703
12008150210
12008154042
12008156378

12008150414
12008156299
12008152948
12008153722
12008158000
12008150363
12008155695
12008155302
12008159719
12008156745
12008151529
12008151039
12008155531
12008151733
12008159548
12008154182
12008155381
12008157994
12008157487
12008154669

12008156334
12008155838
12008158263
12008150153
12008154746
12008157527
12008151506
12008159408
12008151947
12008155240
12008156088
12008153723
12008153247
12008155853
12008155125
12008155561
12008151082
12008153976
12008156009
12008153393

12008339999
12008339998
12008339997
12008339996

12008349999
12008349998
