12002134112
12002136124
12002130271
12002139563
12002137228

12002130088
12002130314
12002139434
12002132715

12002139288
12002138266
12002130244
12002135455
12002138438

12002134463
12002138329
12002136105
12002132400
12002130967

12002132151
12002133159
12002134340
12002135992
12002130708

12002134821
12002134797
12002132514
12002133429
12002136390

12002134302
12002132820
12002135463
12002138053
12002137096

12002130404
12002139836
12002134777
12002135806
12002133484

12002135387
12002132299
12002130158
12002135706
12002135166

12002135583
12002134585
12002133345
12002136506
12002136628

12002130958
12002139493
12002130837
12002130452
12002135521

12002138210
12002138881
12002130323
12002136358
12002130460

12002135114
12002138036
12002138988
12002139173
12002131138

12002138502
12002131400
12002130246
12002130138
12002134910

12002133389
12002137611
12002132593
12002131861
12002130179

12002137609
12002131108
12002133240
12002133260
12002137659

12002132453
12002136266
12002138627
12002131513
12002131480

12002133492
12002138324
12002139473
12002135160
12002139899

12002139604
12002130210
12002133787
12002138616

12002139892
12002130253
12002131303
12002131034
12002132393

12002136407
12002135530
12002134966
12002138685
12002134662

12002135151
12002132126
12002132416
12002133664
12002132688

12002131112
12002135921
12002138766
12002130096
12002137961

12002132642
12002132995
12002138158
12002131311
12002137671

12002135905
12002130385
12002139437
12002139623
12002135566

12002130397
12002133600
12002135805
12002131901
12002138676

12002130742
12002135772
12002133566
12002130100
12002139610

12002130743
12002134252
12002135268
12002135696
12002135822

12002131796
12002134065
12002134744
12002138855
12002137328

12002131638
12002133053
12002131804
12002133985
12002137670

12002131945
12002179396
82002170002
82002170001
12002188001
12002188002

12002214401
12002210333
12002214797
12002212911
12002214864
12002217159
12002210732
12002213775
12002219318
12002216935
