12008132009
12008139821
12008138098
12008139562
12008130869

12008142377
-----------
12008149728
12008149057
12008143214
12008140296
12008144566
12008140015
12008142295
12008143793

12008142945
12008147296
12008140778
12008148950
12008143419
12008140048
12008145532
12008143108
12008142901
12008148933

12008149172
12008140681
12008142810
12008148093
12008148344
12008141663
12008144591
12008143525
12008147377
12008143022

12008143262
12008148082
12008143784
12008144609
12008148370
12008144775
12008149328
12008146639
12008148806
12008149865

12008147601
12008146143
12008149675
12008144266
12008148931
12008146633
12008140308
12008145766
12008142972
12008140447

12008145423
12008148973
12008142620
12008143887
12008147584
12008147281
12008140092
12008140782
12008148612
12008142191

12008144806
12008140269
12008148443
12008142264
12008145130
12008149961
12008143112
12008149815
12008147671
12008149495

12008143998
12008146196
12008149091
12008145015
12008143781
12008144102
12008141166
12008143615
12008142739
12008144672
12008144743

12008143447
12008141189
12008147631
12008141846
12008148164
12008144137
12008147177
12008148396
