12013230001
12013230002
12013230004
12013230003
12013230005
12013230006
12013230007

12013252679
12013250001
12013250002

12013282481
12013283133
12013282849
12013282491
12013282401
12013281332
12013280528
12013282379
12013285767
12013282094
12013288430
12013286342

12013286953
12013285513
12013281614
12013282053
12013287572
12013288404
12013288854
12013284062
12013286974
12013283394
12013280884
12013289468
12013288654
12013284822
12013285064
12013288114
12013288197
12013285005
12013287231
12013289764
12013288649
12013282011
12013283440
12013284736
12013282716
12013284561
12013281035
12013286119
12013280458
12013287084
12013281202
12013286519
12013287269
12013283848
12013289355
12013281541
12013282758
12013285380
12013284997
12013287982
12013280289
12013283546
12013287060
12013282542
12013282373
12013287552
12013281927
12013285871
12013289002
12013283158
12013289694
12013284335
12013284439
12013289523
12013283835
12013282553
12013282046
12013284814
12013281064
12013282421
12013283219
12013285667
12013282336
12013286904
12013286941
12013288183
12013289726
12013284393
12013284576
12013280412
12013280499
12013285910
12013285507
12013287007
12013280423
12013286189
12013286808
12013281576
12013282205
12013284757
12013285481
12013287980
12013280970
12013288128
12013286813
12013282119
12013289348
12013288648
12013289815
12013287464
12013289906
12013284776
12013280110
12013282435
12013288754
12013282710
12013289091
12013286560
12013286386
12013281268
12013280361
12013280577
12013285617
12013282039
12013281532
12013281188
12013281704
12013287100
12013281878
12013286236
12013284730
12013280677
12013288796
12013284959


12013300439
12013302653
12013305982
12013302711

12013309999
12013309998
12013309997
12013309996
12013309995
12013309994
12013309993
12013309992
12013309991
12013309990
12013309989
12013309988
12013309987
12013309986
12013309985
12013309984
12013309983
12013309982
12013309981
12013309980
12013309979
12013309978
12013309977
12013309976
12013309975
12013309974
12013309973
12013309972
12013309971
12013309970
12013309969
12013309967
12013309966
12013309965
12013309964
12013309963
12013309962
12013309961
12013309960
12013309959
12013309958
12013309957
12013309956
12013309955
12013309954
12013309953
12013309952
12013309951
12013309950
12013309949
12013309968
12013309948
12013309947
12013309946
12013309945
12013309944
12013309943
12013309942
12013309941
12013309940
12013309939
12013309938
12013309937
12013309936
12013309935
12013309934
12013309933
12013309932
12013309931
12013309930
12013359999
