11903508301
11903502146
11903502176
11903500140
11903506995
11903503208
11903506643
11903503467
11903507112
11903501156
11903500711
11903506720
11903505955
11903509112
11903507751
11903505774
11903505147
11903502323
11903500246
11903503612
11903509370
11903508474
11903500543
11903502739
11903509805
11903504297
11903508723
11903504998
11903508115
11903504514
11903501100
11903500793
11903507744
11903500208
11903504337
11903508430
11903508451
11903505346
11903501936
11903502991
11903505106
11903502450
11903506523
11903509528
11903504629
11903502474
11903507663
11903503115
11903500611
11903501836
11903501263


12003026494 -> iCurr=2
12003020704
12003023557
12003027679 -> iCurr=3
12003024838

12003025456
12003026838 -> iCurr=3
12003028576
12003026904
12003022573

12003027937 -> iCurr=1.94
12003023738
12003021483
12003028166
12003022213

12003022110 -> iCurr=2
12003026300
12003022388
12003026701
12003029164

12003021700
12003021193	-> iCurr=2


12003030150 -> iCurr=2
12003036245
12003030282
12003033506
12003035565

12003031947
12003039011
12003030978 -> iCurr=2
12003030319
12003032112

12003031394
12003039668
12003038452
12003035628
12003031181

12003034295 -> iCurr=2
12003037016 -> iCurr=2
12003039289
12003038607
12003033729 -> iCurr=2

12003032350
12003036026
12003039211 -> iCurr=2
12003036418 -> iCurr=2
12003032413

12003033575 -> iCurr=1.8
12003038288
12003039113 -> iCurr=1.8
12003030797
12003031173

12003031400
12003036400 -> iCurr=2
12003036374
12003038926
12003037676 -> iCurr=2

12003037326 -> iCurr=2
12003032173
12003033445 -> iCurr=2
12003030172 -> iCurr=2
12003039572
