12013160001
12013160002
12013160003
12013160004
12013160005
12013160006
12013150001

12013180001
12013180002
12013180003

12013223025
12013229715
12013228991
12013228881
12013220728
12013228185
12013221508
12013224894
12013220251
12013223094
12013220980
12013222620
12013229783
12013222228
12013228268
12013225590
12013221594
12013220629
12013224771
12013226535
12013224520
12013222257
12013224804
12013220914
12013220904
12013221029
12013225141
12013221325
12013221044
12013225864
12013222332
12013221800
12013227469
12013229923
12013224865
12013225062
12013228002
12013226002
12013220725
12013225370
12013227929
12013227727
12013226979
12013226683
12013227791
12013228703
